 [ ] [ ] [ ] [ ] [ ] [ ] [ ] [ ] [ ] [ ] [ ] [ ] [ ] [ ] [ ] [ ] [ ] [ ] [ ] [ ] [ ] [000
 [ ]   .   .   .   .   .   .   .   .   .   . [ ]   .   .   .   .   .   .   .   .   .  000
 [ ]  17 [ ] [ ] [ ]  13 [ ] [ ] [ ] [ ]  18 [ ]  20 [ ] [ ] [ ] [ ]  25 [ ] [ ] [ ]  000
 [ ]  16  15  14  13  12  13  14  15  16  17  18  19  20  21  22  23  24  25  26   .  000
 [ ]  15 [ ] [ ] [ ]  11 [ ]  15 [ ] [ ] [ ] [ ] [ ] [ ] [ ]  21 [ ]  23 [ ] [ ] [ ]  000
 [ ]  14  13  12  11  10 [ ]  16  17  16  15 [ ]  17  18  19  20 [ ]  22  23  24   .  000
 [ ] [ ] [ ] [ ] [ ]   9 [ ] [ ] [ ] [ ]  14 [ ]  16 [ ] [ ] [ ] [ ]  21 [ ] [ ] [ ] [000
                 [ ]   8 [ ]  10  11  12  13  14  15  16  17  18 [ ]  20 [ ]          000
 [ ] [ ] [ ] [ ] [ ]   7 [ ]   9 [ ] [ ] -14 -15 -16 [ ] [ ]  17 [ ]  19 [ ] [ ] [ ] [000
      10   9   8   7   6   7   8 [ ]       g   g   g     [ ]  16  17  18  19  20      000
 [ ] [ ] [ ] [ ] [ ]   5 [ ]   g [ ] [ ] [ ] [ ] [ ] [ ] [ ]  15 [ ]  17 [ ] [ ] [ ] [000
                 [ ]   4 [ ]   6   7   8   9  10  11  12  13  14 [ ]  16 [ ]          000
 [ ] [ ] [ ] [ ] [ ]   3 [ ]   5 [ ] [ ] [ ] [ ] [ ] [ ] [ ]  13 [ ]  15 [ ] [ ] [ ] [000
 [ ]   6   5   4   3   2   3   4   5   6   7 [ ]   9  10  11  12  13  14  15  16   .  000
 [ ]   7 [ ] [ ] [ ]   1 [ ] [ ] [ ] [ ]   6 [ ]   8 [ ] [ ] [ ] [ ]  13 [ ] [ ] [ ]  000
 [ ]   8   7   6 [ ]   0   1   2   3   4   5   6   7   8   9  10  11  12 [ ]  18   .  000
 [ ] [ ] [ ] 5 [ ]   1 [ ] 3 [ ] [ ] [ ] [ ] [ ] [ ] [ ]  11 [ ]  13 [ ]  17 [ ] [000
 [ ]   6   5   4   3   2 [ ]   4   5   6   7 [ ]  13  14  13  12 [ ]  14  15  16   .  000
 [ ]   7 [ ] [ ] [ ] [ ] [ ] [ ] [ ] [ ]   8 [ ]  12 [ ] [ ] [ ] [ ] [ ] [ ] [ ] [ ]  000
 [ ]   8   9  10  11  12  13  12  11  10   9  10  11  12  13  14  15  16  17  18   .  000
 [ ] [ ] [ ] [ ] [ ] [ ] [ ] [ ] [ ] [ ] [ ] [ ] [ ] [ ] [ ] [ ] [ ] [ ] [ ] [ ] [ ] [000
